scans per hour,forecast_manual
0.0,
0.0,
0.6931471805599453,
0.0,
0.6931471805599453,
0.0,
0.6931471805599453,
0.0,
0.0,
0.0,
0.6931471805599453,
0.0,
0.0,
0.6931471805599453,
1.0986122886681098,
1.6094379124341003,
0.0,
0.0,
0.0,
0.6931471805599453,
0.6931471805599453,
0.0,
0.0,
0.0,
0.0,
0.0,
0.0,
0.0,
0.6931471805599453,
0.0,
0.0,
0.0,
1.0986122886681098,
0.6931471805599453,
0.0,
0.0,
1.3862943611198906,
0.0,
0.6931471805599453,
0.0,
0.0,
0.6931471805599453,
0.6931471805599453,
1.0986122886681098,
0.0,
0.0,
1.0986122886681098,
0.0,
0.6931471805599453,
1.0986122886681098,
0.0,
0.6931471805599453,
0.0,
1.0986122886681098,
0.0,
0.6931471805599453,
1.0986122886681098,
0.0,
0.6931471805599453,
0.6931471805599453,
1.0986122886681098,
0.0,
0.6931471805599453,
0.0,
0.6931471805599453,
0.0,
0.0,
1.6094379124341003,
0.0,
0.6931471805599453,
0.0,
0.0,
0.6931471805599453,
0.0,
0.6931471805599453,
1.0986122886681098,
0.0,
1.3862943611198906,
0.6931471805599453,
0.0,
0.0,
0.0,
0.6931471805599453,
0.0,
0.6931471805599453,
1.6094379124341003,
1.0986122886681098,
0.6931471805599453,
0.6931471805599453,
0.0,
0.0,
0.0,
0.6931471805599453,
0.6931471805599453,
0.6931471805599453,
0.0,
0.6931471805599453,
0.6931471805599453,
0.0,
0.0,
0.0,
0.0,
0.0,
1.0986122886681098,
0.6931471805599453,
0.6931471805599453,
0.0,
1.0986122886681098,
0.0,
0.0,
0.0,
0.0,
0.0,
1.6094379124341003,
0.0,
1.0986122886681098,
0.6931471805599453,
0.0,
0.0,
0.6931471805599453,
0.6931471805599453,
0.6931471805599453,
1.6094379124341003,
0.6931471805599453,
1.3862943611198906,
0.6931471805599453,
0.0,
0.0,
0.0,
0.6931471805599453,
1.3862943611198906,
0.6931471805599453,
0.0,
0.0,
0.6931471805599453,
0.0,
0.0,
0.0,
0.0,
1.0986122886681098,
0.0,
0.0,
0.0,
0.6931471805599453,
0.0,
1.0986122886681098,
1.3862943611198906,
0.6931471805599453,
0.0,
0.6931471805599453,
1.791759469228055,
1.0986122886681098,
0.0,
0.6931471805599453,
0.0,
0.0,
0.0,
0.0,
0.6931471805599453,
0.0,
1.3862943611198906,
0.6931471805599453,
0.6931471805599453,
1.3862943611198906,
1.3862943611198906,
0.6931471805599453,
0.0,
0.0,
0.0,
0.0,
0.0,
0.0,
1.0986122886681098,
0.6931471805599453,
0.0,
0.6931471805599453,
0.0,
0.0,
0.0,
0.0,
1.0986122886681098,
0.6931471805599453,
1.0986122886681098,
0.0,
0.6931471805599453,
0.0,
0.6931471805599453,
0.6931471805599453,
0.6931471805599453,
0.0,
1.3862943611198906,
0.6931471805599453,
0.0,
1.3862943611198906,
0.6931471805599453,
0.0,
0.6931471805599453,
0.0,
0.0,
0.6931471805599453,
0.6931471805599453,
0.6931471805599453,
0.6931471805599453,
0.0,
0.0,
0.0,
0.0,
0.6931471805599453,
0.0,
1.6094379124341003,
0.6931471805599453,
0.0,
0.0,
0.0,
1.3862943611198906,
1.0986122886681098,
1.0986122886681098,
0.0,
0.0,
0.6931471805599453,
1.0986122886681098,
0.0,
0.0,
0.0,
0.0,
0.0,
0.6931471805599453,
0.0,
1.0986122886681098,
0.0,
0.6931471805599453,
1.0986122886681098,
1.3862943611198906,
0.6931471805599453,
0.0,
0.6931471805599453,
0.0,
0.0,
0.6931471805599453,
0.0,
1.0986122886681098,
0.0,
0.6931471805599453,
0.0,
1.3862943611198906,
1.0986122886681098,
0.0,
0.0,
0.0,
0.6931471805599453,
0.0,
0.6931471805599453,
0.6931471805599453,
0.6931471805599453,
0.6931471805599453,
1.3862943611198906,
1.3862943611198906,
0.0,
1.6094379124341003,
0.0,
0.6931471805599453,
0.6931471805599453,
0.6931471805599453,
1.0986122886681098,
0.6931471805599453,
0.6931471805599453,
1.3862943611198906,
0.0,
0.0,
0.0,
1.0986122886681098,
0.0,
0.6931471805599453,
0.6931471805599453,
0.0,
0.6931471805599453,
0.6931471805599453,
0.0,
0.0,
0.0,
0.0,
1.0986122886681098,
0.6931471805599453,
0.6931471805599453,
0.6931471805599453,
0.0,
0.0,
0.6931471805599453,
0.0,
0.0,
0.0,
0.0,
1.0986122886681098,
0.6931471805599453,
0.0,
0.0,
0.0,
0.0,
0.6931471805599453,
0.6931471805599453,
0.0,
1.0986122886681098,
0.6931471805599453,
1.0986122886681098,
1.3862943611198906,
0.6931471805599453,
0.6931471805599453,
0.0,
0.0,
0.0,
0.0,
0.0,
0.6931471805599453,
0.0,
0.6931471805599453,
1.0986122886681098,
0.6931471805599453,
0.0,
0.6931471805599453,
0.0,
0.0,
0.0,
1.3862943611198906,
1.0986122886681098,
0.6931471805599453,
0.0,
0.0,
0.0,
1.3862943611198906,
1.3862943611198906,
0.0,
0.0,
0.0,
0.6931471805599453,
0.0,
0.0,
0.6931471805599453,
1.0986122886681098,
1.0986122886681098,
0.0,
0.6931471805599453,
0.6931471805599453,
1.0986122886681098,
0.0,
0.0,
0.0,
0.0,
0.0,
1.0986122886681098,
0.0,
0.0,
0.0,
0.0,
1.3862943611198906,
0.0,
0.6931471805599453,
0.6931471805599453,
0.0,
0.0,
0.0,
1.0986122886681098,
1.0986122886681098,
1.791759469228055,
1.0986122886681098,
1.3862943611198906,
0.0,
0.6931471805599453,
0.6931471805599453,
0.0,
1.0986122886681098,
0.6931471805599453,
0.6931471805599453,
0.0,
0.0,
0.0,
0.0,
0.0,
0.0,
0.0,
0.0,
0.6931471805599453,
0.0,
0.0,
0.0,
0.0,
0.6931471805599453,
1.9459101490553132,
0.0,
0.0,
0.0,
0.0,
0.6931471805599453,
0.0,
0.6931471805599453,
0.6931471805599453,
0.0,
0.6931471805599453,
0.6931471805599453,
0.0,
0.0,
0.6931471805599453,
0.0,
0.0,
0.6931471805599453,
0.0,
0.6931471805599453,
0.0,
1.3862943611198906,
0.0,
0.6931471805599453,
0.0,
0.0,
0.0,
0.0,
0.6931471805599453,
0.6931471805599453,
1.6094379124341003,
0.0,
1.0986122886681098,
0.0,
0.0,
0.6931471805599453,
0.0,
0.0,
0.0,
0.0,
0.0,
1.0986122886681098,
0.0,
0.0,
0.0,
0.6931471805599453,
1.0986122886681098,
1.3862943611198906,
0.0,
0.6931471805599453,
1.0986122886681098,
0.6931471805599453,
0.0,
0.0,
0.6931471805599453,
0.0,
1.3862943611198906,
0.6931471805599453,
0.0,
0.0,
0.0,
1.0986122886681098,
0.6931471805599453,
0.0,
1.3862943611198906,
0.0,
0.0,
0.6931471805599453,
0.6931471805599453,
0.6931471805599453,
0.0,
0.0,
1.3862943611198906,
0.6931471805599453,
0.0,
0.6931471805599453,
0.0,
0.0,
0.6931471805599453,
0.0,
0.6931471805599453,
0.0,
0.6931471805599453,
0.6931471805599453,
0.6931471805599453,
0.0,
0.0,
0.6931471805599453,
0.6931471805599453,
0.0,
0.0,
0.0,
0.0,
0.0,
0.0,
0.6931471805599453,
1.0986122886681098,
0.6931471805599453,
1.6094379124341003,
1.3862943611198906,
0.6931471805599453,
0.6931471805599453,
1.0986122886681098,
0.0,
0.0,
0.0,
0.0,
0.0,
0.6931471805599453,
1.0986122886681098,
0.6931471805599453,
1.3862943611198906,
0.0,
1.0986122886681098,
1.0986122886681098,
1.0986122886681098,
0.6931471805599453,
0.0,
0.6931471805599453,
0.0,
0.6931471805599453,
0.0,
0.6931471805599453,
0.6931471805599453,
1.0986122886681098,
0.0,
1.0986122886681098,
0.6931471805599453,
0.0,
1.6094379124341003,
1.0986122886681098,
0.0,
0.0,
0.0,
1.0986122886681098,
0.6931471805599453,
0.0,
0.6931471805599453,
0.0,
0.6931471805599453,
0.6931471805599453,
0.6931471805599453,
0.0,
0.6931471805599453,
0.6931471805599453,
0.0,
0.0,
0.0,
0.6931471805599453,
1.0986122886681098,
0.6931471805599453,
0.6931471805599453,
0.0,
0.0,
0.0,
0.0,
0.0,
1.0986122886681098,
0.0,
0.6931471805599453,
0.0,
1.0986122886681098,
0.0,
0.0,
1.0986122886681098,
0.0,
0.6931471805599453,
0.6931471805599453,
0.6931471805599453,
1.0986122886681098,
0.0,
0.0,
0.0,
0.0,
0.6931471805599453,
0.0,
0.6931471805599453,
0.6931471805599453,
1.0986122886681098,
0.0,
0.0,
0.0,
0.0,
0.0,
0.6931471805599453,
0.6931471805599453,
1.6094379124341003,
0.0,
0.0,
0.0,
0.0,
0.0,
0.0,
1.0986122886681098,
1.0986122886681098,
0.6931471805599453,
0.6931471805599453,
0.6931471805599453,
0.0,
0.0,
0.0,
0.0,
0.6931471805599453,
0.6931471805599453,
0.6931471805599453,
1.0986122886681098,
1.0986122886681098,
0.0,
0.0,
0.0,
0.0,
0.0,
0.0,
0.6931471805599453,
1.3862943611198906,
0.6931471805599453,
0.0,
0.0,
0.6931471805599453,
0.0,
0.0,
0.6931471805599453,
1.0986122886681098,
0.6931471805599453,
1.791759469228055,
0.6931471805599453,
0.6931471805599453,
0.0,
0.0,
0.0,
0.6931471805599453,
0.0,
0.6931471805599453,
0.0,
0.0,
1.3862943611198906,
1.0986122886681098,
0.6931471805599453,
0.0,
0.6931471805599453,
0.0,
0.0,
0.0,
1.3862943611198906,
1.3862943611198906,
0.0,
0.6931471805599453,
0.0,
0.6931471805599453,
0.0,
1.0986122886681098,
0.0,
0.0,
0.0,
0.6931471805599453,
0.6931471805599453,
0.0,
1.0986122886681098,
0.0,
0.6931471805599453,
0.0,
0.6931471805599453,
0.0,
0.0,
0.6931471805599453,
0.0,
0.0,
0.0,
0.6931471805599453,
1.3862943611198906,
0.6931471805599453,
1.0986122886681098,
0.0,
0.0,
0.0,
0.6931471805599453,
1.0986122886681098,
0.6931471805599453,
0.6931471805599453,
1.3862943611198906,
0.0,
0.0,
0.6931471805599453,
0.0,
0.6931471805599453,
0.0,
0.0,
0.6931471805599453,
1.6094379124341003,
0.6931471805599453,
0.0,
0.0,
0.0,
0.0,
0.0,-9.45441791242241e-18
0.0,-1.0527594056153292e-17
0.0,-7.685005253700241e-18
0.0,-9.071064259682547e-18
0.0,-8.940793526668328e-18
0.6931471805599453,-8.689835800208931e-18
0.6931471805599453,-8.865135211126173e-18
0.0,-8.823123963634926e-18
0.0,-8.806103511599185e-18
1.0986122886681098,-8.825796779208667e-18
0.6931471805599453,-8.818449098368598e-18
0.0,-8.818051883071602e-18
0.0,-8.820009263921301e-18
1.3862943611198906,-8.818974441915392e-18
0.0,-8.819110485534722e-18
1.0986122886681098,-8.819275492984382e-18
1.0986122886681098,-8.819148378479686e-18
0.6931471805599453,-8.819182833690813e-18
0.0,-8.819192874838616e-18
0.0,-8.819178981967642e-18
0.6931471805599453,-8.819184627988883e-18
0.0,-8.819184641615807e-18
0.0,-8.819183305627737e-18
1.6094379124341003,-8.819184072503517e-18
1.3862943611198906,-8.819183944735268e-18
1.3862943611198906,-8.819183837987713e-18
1.0986122886681098,-8.819183929573796e-18
1.0986122886681098,-8.819183901892961e-18
0.6931471805599453,-8.819183896304448e-18
0.0,-8.819183906037202e-18
